dec_55_1280x720_24 100 (540,960,3)
dec_201_1280x720_24 100 (540,960,3)
dec_20_1280x720_24 100 (540,960,3)
dec_103_1280x720_24 100 (540,960,3)
dec_186_1280x720_24 100 (540,960,3)
dec_HotPot_3840x2160_25fps_10bit_420 65 (540,960,3)
dec_124_1280x720_24 100 (540,960,3)
dec_18_1280x720_24 100 (540,960,3)
dec_DryRedPepper_3840x2160_25fps_10bit_420 65 (540,960,3)
dec_ntia_purple1d_original 350 (540,960,3)
dec_MountainsAndStairs2_3840x2160_25fps_10bit_420 65 (540,960,3)
dec_231_1280x720_24 100 (540,960,3)
dec_75_1280x720_24 100 (540,960,3)
dec_154_1280x720_24 100 (540,960,3)
dec_SVT_1080p50seg07_original 1002 (540,960,3)
dec_TUM_1080p_ski5_original 420 (540,960,3)
dec_235_1280x720_24 100 (540,960,3)
dec_67_1280x720_24 100 (540,960,3)
dec_SunAndTrees_3840x2160_25fps_10bit_420 65 (540,960,3)
dec_BoyMakingUp1_3840x2160_50fps_10bit_420 65 (540,960,3)
dec_116_1280x720_24 100 (540,960,3)
dec_113_1280x720_24 100 (540,960,3)
dec_4_1280x720_24 100 (540,960,3)
dec_BoyMakingUp2_3840x2160_50fps_10bit_420 65 (540,960,3)
dec_54_1280x720_24 100 (540,960,3)
dec_TUM_1080p_okt5_original 480 (540,960,3)
dec_SunsetMountainHuang2_3840x2160_25fps_10bit_420 65 (540,960,3)
dec_112_1280x720_24 100 (540,960,3)
dec_178_1280x720_24 100 (540,960,3)
dec_RoomTouristAttraction6_3840x2160_25fps_10bit_420 65 (540,960,3)
dec_ChefCooking4_3840x2160_25fps_10bit_420 65 (540,960,3)
dec_MountainsView4_3840x2160_25fps_10bit_420 65 (540,960,3)
dec_74_1280x720_24 100 (540,960,3)
dec_SVT_1080p50seg01_original 1002 (540,960,3)
dec_202_1280x720_24 100 (540,960,3)
dec_197_1280x720_24 100 (540,960,3)
dec_27_1280x720_24 100 (540,960,3)
dec_148_1280x720_24 100 (540,960,3)
dec_GirlWithTeaSet3_3840x2160_25fps_10bit_420 65 (540,960,3)
dec_RiverAndTrees_3840x2160_25fps_10bit_420 65 (540,960,3)
dec_WaterOnGrass1_3840x2160_50fps_8bit_420 65 (540,960,3)
dec_207_1280x720_24 100 (540,960,3)
dec_42_1280x720_24 100 (540,960,3)
dec_63_1280x720_24 100 (540,960,3)
dec_89_1280x720_24 100 (540,960,3)
dec_85_1280x720_24 100 (540,960,3)
dec_TUM_1080p_carving2_original 390 (540,960,3)
dec_GirlWatchingPhone_3840x2160_50fps_8bit_420 65 (540,960,3)
dec_227_1280x720_24 100 (540,960,3)
dec_69_1280x720_24 100 (540,960,3)
dec_73_1280x720_24 100 (540,960,3)
dec_ntia_redgolde_original 350 (540,960,3)
dec_166_1280x720_24 100 (540,960,3)
dec_198_1280x720_24 100 (540,960,3)
dec_159_1280x720_24 100 (540,960,3)
dec_94_1280x720_24 100 (540,960,3)
dec_158_1280x720_24 100 (540,960,3)
dec_174_1280x720_24 100 (540,960,3)
dec_37_1280x720_24 100 (540,960,3)
dec_58_1280x720_24 100 (540,960,3)
dec_171_1280x720_24 100 (540,960,3)
dec_200_1280x720_24 100 (540,960,3)
dec_161_1280x720_24 100 (540,960,3)
dec_RoomTouristAttraction2_3840x2160_25fps_10bit_420 65 (540,960,3)
dec_SVT_1080p50seg08_original 1002 (540,960,3)
dec_7_1280x720_24 100 (540,960,3)
dec_136_1280x720_24 100 (540,960,3)
dec_MountainsView1_3840x2160_25fps_10bit_420 65 (540,960,3)
dec_224_1280x720_24 100 (540,960,3)
dec_152_1280x720_24 100 (540,960,3)
dec_167_1280x720_24 100 (540,960,3)
dec_SVT_1080p50seg15_original 1002 (540,960,3)
dec_35_1280x720_24 100 (540,960,3)
dec_78_1280x720_24 100 (540,960,3)
dec_60_1280x720_24 100 (540,960,3)
dec_FallingLeaves_3840x2160_50fps_8bit_420 65 (540,960,3)
dec_RawDucks_3840x2160_25fps_10bit_420 65 (540,960,3)
dec_9_1280x720_24 100 (540,960,3)
dec_195_1280x720_24 100 (540,960,3)
dec_237_1280x720_24 100 (540,960,3)
dec_32_1280x720_24 100 (540,960,3)
dec_135_1280x720_24 100 (540,960,3)
dec_LeavesOnTree_3840x2160_50fps_8bit_420 65 (540,960,3)
dec_205_1280x720_24 100 (540,960,3)
dec_33_1280x720_24 100 (540,960,3)
dec_226_1280x720_24 100 (540,960,3)
dec_CableCar_3840x2160_25fps_10bit_420 65 (540,960,3)
dec_1_1280x720_24 100 (540,960,3)
dec_39_1280x720_24 100 (540,960,3)
dec_72_1280x720_24 100 (540,960,3)
dec_179_1280x720_24 100 (540,960,3)
dec_OilPainting1_3840x2160_25fps_10bit_420 65 (540,960,3)
dec_ntia_rainbow2d_original 350 (540,960,3)
dec_MovingBikes_3840x2160_50fps_8bit_420 65 (540,960,3)
dec_0_1280x720_24 100 (540,960,3)
dec_238_1280x720_24 100 (540,960,3)
dec_66_1280x720_24 100 (540,960,3)
dec_175_1280x720_24 100 (540,960,3)
dec_ntia_purple3d_original 350 (540,960,3)
dec_184_1280x720_24 100 (540,960,3)
dec_149_1280x720_24 100 (540,960,3)
dec_176_1280x720_24 100 (540,960,3)
dec_47_1280x720_24 100 (540,960,3)
dec_LyingDog_3840x2160_25fps_10bit_420 65 (540,960,3)
dec_218_1280x720_24 100 (540,960,3)
dec_153_1280x720_24 100 (540,960,3)
dec_BuildingTouristAttraction1_3840x2160_25fps_10bit_420 65 (540,960,3)
dec_41_1280x720_24 100 (540,960,3)
dec_61_1280x720_24 100 (540,960,3)
dec_43_1280x720_24 100 (540,960,3)
dec_5_1280x720_24 100 (540,960,3)
dec_PeopleNearDesk_3840x2160_25fps_10bit_420 65 (540,960,3)
dec_ntia_purple4d_original 350 (540,960,3)
dec_RoomTouristAttraction4_3840x2160_25fps_10bit_420 65 (540,960,3)
dec_16_1280x720_24 100 (540,960,3)
dec_91_1280x720_24 100 (540,960,3)
dec_228_1280x720_24 100 (540,960,3)
dec_234_1280x720_24 100 (540,960,3)
dec_BoyWithCostume_3840x2160_50fps_10bit_420 65 (540,960,3)
dec_181_1280x720_24 100 (540,960,3)
dec_ManWithFilmMachine_3840x2160_25fps_10bit_420 65 (540,960,3)
dec_98_1280x720_24 100 (540,960,3)
dec_129_1280x720_24 100 (540,960,3)
dec_TreesOnMountains1_3840x2160_25fps_10bit_420 65 (540,960,3)
dec_87_1280x720_24 100 (540,960,3)
dec_211_1280x720_24 100 (540,960,3)
dec_53_1280x720_24 100 (540,960,3)
dec_173_1280x720_24 100 (540,960,3)
dec_12_1280x720_24 100 (540,960,3)
dec_FruitOnTree_3840x2160_50fps_8bit_420 65 (540,960,3)
dec_230_1280x720_24 100 (540,960,3)
dec_StampCarving2_3840x2160_25fps_10bit_420 65 (540,960,3)
dec_137_1280x720_24 100 (540,960,3)
dec_217_1280x720_24 100 (540,960,3)
dec_ntia_purple2d_original 350 (540,960,3)
dec_RoomTouristAttraction5_3840x2160_25fps_10bit_420 65 (540,960,3)
dec_17_1280x720_24 100 (540,960,3)
dec_RoomTouristAttraction1_3840x2160_25fps_10bit_420 65 (540,960,3)
dec_ChefCooking3_3840x2160_25fps_10bit_420 65 (540,960,3)
dec_101_1280x720_24 100 (540,960,3)
dec_163_1280x720_24 100 (540,960,3)
dec_6_1280x720_24 100 (540,960,3)
dec_109_1280x720_24 100 (540,960,3)
dec_203_1280x720_24 100 (540,960,3)
dec_TUM_1080p_okt1_original 480 (540,960,3)
dec_BuildingTouristAttraction2_3840x2160_25fps_10bit_420 65 (540,960,3)
dec_BlackBird_3840x2160_25fps_10bit_420 65 (540,960,3)
dec_2_1280x720_24 100 (540,960,3)
dec_104_1280x720_24 100 (540,960,3)
dec_RoastedDuck_3840x2160_25fps_10bit_420 65 (540,960,3)
dec_105_1280x720_24 100 (540,960,3)
dec_92_1280x720_24 100 (540,960,3)
dec_77_1280x720_24 100 (540,960,3)
dec_TreeTrunkMoving_3840x2160_50fps_8bit_420 65 (540,960,3)
dec_TUM_1080p_ski3_original 630 (540,960,3)
dec_215_1280x720_24 100 (540,960,3)
dec_40_1280x720_24 100 (540,960,3)
dec_107_1280x720_24 100 (540,960,3)
dec_RestaurantWaitress1_3840x2160_25fps_10bit_420 65 (540,960,3)
dec_229_1280x720_24 100 (540,960,3)
dec_SVT_1080p50seg18_original 1002 (540,960,3)
dec_102_1280x720_24 100 (540,960,3)
dec_10_1280x720_24 100 (540,960,3)
dec_132_1280x720_24 100 (540,960,3)
dec_125_1280x720_24 100 (540,960,3)
dec_150_1280x720_24 100 (540,960,3)
dec_80_1280x720_24 100 (540,960,3)
dec_164_1280x720_24 100 (540,960,3)
dec_SVT_1080p50seg06_original 1002 (540,960,3)
dec_TreesOnMountains3_3840x2160_25fps_10bit_420 65 (540,960,3)
dec_TUM_1080p_okt6_original 288 (540,960,3)
dec_TUM_1080p_carving4_original 360 (540,960,3)
dec_SunriseMountainHuang_3840x2160_25fps_10bit_420 65 (540,960,3)
dec_RoomTouristAttraction3_3840x2160_25fps_10bit_420 65 (540,960,3)
dec_SVT_1080p50seg02_original 1002 (540,960,3)
dec_214_1280x720_24 100 (540,960,3)
dec_108_1280x720_24 100 (540,960,3)
dec_19_1280x720_24 100 (540,960,3)
dec_143_1280x720_24 100 (540,960,3)
dec_236_1280x720_24 100 (540,960,3)
dec_44_1280x720_24 100 (540,960,3)
dec_95_1280x720_24 100 (540,960,3)
dec_46_1280x720_24 100 (540,960,3)
dec_SVT_1080p50seg17_original 1002 (540,960,3)
dec_56_1280x720_24 100 (540,960,3)
dec_TUM_1080p_okt3_original 288 (540,960,3)
dec_ChefCuttingUp1_3840x2160_25fps_10bit_420 65 (540,960,3)
dec_118_1280x720_24 100 (540,960,3)
dec_TreesOnMountains2_3840x2160_25fps_10bit_420 65 (540,960,3)
dec_MovingBikesAndPedestrian4_3840x2160_50fps_10bit_420 65 (540,960,3)
dec_156_1280x720_24 100 (540,960,3)
dec_68_1280x720_24 100 (540,960,3)
dec_TUM_1080p_ski2_original 360 (540,960,3)
dec_155_1280x720_24 100 (540,960,3)
dec_70_1280x720_24 100 (540,960,3)
dec_RedRibbonsWithLocks_3840x2160_25fps_10bit_420 65 (540,960,3)
dec_122_1280x720_24 100 (540,960,3)
dec_FlowingWater_3840x2160_50fps_10bit_420 65 (540,960,3)
dec_GirlWithTeaSet2_3840x2160_25fps_10bit_420 65 (540,960,3)
dec_110_1280x720_24 100 (540,960,3)
dec_TUM_1080p_ski1_original 630 (540,960,3)
dec_13_1280x720_24 100 (540,960,3)
dec_97_1280x720_24 100 (540,960,3)
dec_31_1280x720_24 100 (540,960,3)
dec_182_1280x720_24 100 (540,960,3)
dec_82_1280x720_24 100 (540,960,3)
dec_79_1280x720_24 100 (540,960,3)
dec_187_1280x720_24 100 (540,960,3)
dec_8_1280x720_24 100 (540,960,3)
dec_FilmMachine_3840x2160_25fps_10bit_420 65 (540,960,3)
dec_71_1280x720_24 100 (540,960,3)
dec_FallenLeaves_3840x2160_50fps_8bit_420 65 (540,960,3)
dec_233_1280x720_24 100 (540,960,3)
dec_127_1280x720_24 100 (540,960,3)
dec_RedBush_3840x2160_25fps_10bit_420 65 (540,960,3)
dec_115_1280x720_24 100 (540,960,3)
dec_62_1280x720_24 100 (540,960,3)
dec_210_1280x720_24 100 (540,960,3)
dec_96_1280x720_24 100 (540,960,3)
dec_192_1280x720_24 100 (540,960,3)
dec_PressureCooker_3840x2160_25fps_10bit_420 65 (540,960,3)
dec_88_1280x720_24 100 (540,960,3)
dec_93_1280x720_24 100 (540,960,3)
dec_169_1280x720_24 100 (540,960,3)
dec_239_1280x720_24 100 (540,960,3)
dec_26_1280x720_24 100 (540,960,3)
dec_84_1280x720_24 100 (540,960,3)
dec_45_1280x720_24 100 (540,960,3)
dec_GirlRunningOnGrass_3840x2160_50fps_10bit_420 65 (540,960,3)
dec_162_1280x720_24 100 (540,960,3)
dec_196_1280x720_24 100 (540,960,3)
dec_100_1280x720_24 100 (540,960,3)
dec_49_1280x720_24 100 (540,960,3)
dec_206_1280x720_24 100 (540,960,3)
dec_ChefCooking1_3840x2160_25fps_10bit_420 65 (540,960,3)
dec_170_1280x720_24 100 (540,960,3)
dec_139_1280x720_24 100 (540,960,3)
dec_SVT_1080p50seg19_original 679 (540,960,3)
dec_165_1280x720_24 100 (540,960,3)
dec_TreesAndLeaves_3840x2160_50fps_10bit_420 65 (540,960,3)
dec_121_1280x720_24 100 (540,960,3)
dec_28_1280x720_24 100 (540,960,3)
dec_SVT_1080p50seg13_original 1002 (540,960,3)
dec_138_1280x720_24 100 (540,960,3)
dec_130_1280x720_24 100 (540,960,3)
dec_SVT_1080p50seg09_original 1002 (540,960,3)
dec_199_1280x720_24 100 (540,960,3)
dec_120_1280x720_24 100 (540,960,3)
dec_36_1280x720_24 100 (540,960,3)
dec_Fountain_3840x2160_50fps_10bit_420 65 (540,960,3)
dec_GirlsOnGrass1_3840x2160_50fps_10bit_420 65 (540,960,3)
dec_HotelClerks_3840x2160_25fps_10bit_420 65 (540,960,3)
dec_65_1280x720_24 100 (540,960,3)
dec_134_1280x720_24 100 (540,960,3)
dec_BuildingTouristAttraction3_3840x2160_25fps_10bit_420 65 (540,960,3)
dec_GrassLand_3840x2160_50fps_8bit_420 65 (540,960,3)
dec_188_1280x720_24 100 (540,960,3)
dec_117_1280x720_24 100 (540,960,3)
dec_213_1280x720_24 100 (540,960,3)
dec_191_1280x720_24 100 (540,960,3)
dec_144_1280x720_24 100 (540,960,3)
dec_RestaurantWaitress2_3840x2160_25fps_10bit_420 65 (540,960,3)
dec_232_1280x720_24 100 (540,960,3)
dec_183_1280x720_24 100 (540,960,3)
dec_SVT_1080p50seg05_original 1002 (540,960,3)
dec_MountainsAndStairs1_3840x2160_24fps_10bit_420 65 (540,960,3)
dec_GirlWithTeaSet1_3840x2160_25fps_10bit_420 65 (540,960,3)
dec_23_1280x720_24 100 (540,960,3)
dec_MountainsView3_3840x2160_25fps_10bit_420 65 (540,960,3)
dec_OilPainting2_3840x2160_25fps_10bit_420 65 (540,960,3)
dec_ChefCuttingUp2_3840x2160_25fps_10bit_420 65 (540,960,3)
dec_90_1280x720_24 100 (540,960,3)
dec_WaterOnGrass2_3840x2160_50fps_8bit_420 65 (540,960,3)
dec_38_1280x720_24 100 (540,960,3)
dec_83_1280x720_24 100 (540,960,3)
dec_57_1280x720_24 100 (540,960,3)
dec_168_1280x720_24 100 (540,960,3)
dec_209_1280x720_24 100 (540,960,3)
dec_223_1280x720_24 100 (540,960,3)
dec_194_1280x720_24 100 (540,960,3)
dec_204_1280x720_24 100 (540,960,3)
dec_BoyDressing1_3840x2160_50fps_10bit_420 65 (540,960,3)
dec_StaticWaterAndBikes2_3840x2160_50fps_10bit_420 65 (540,960,3)
dec_190_1280x720_24 100 (540,960,3)
dec_24_1280x720_24 100 (540,960,3)
dec_StaticRocks_3840x2160_50fps_10bit_420 65 (540,960,3)
dec_140_1280x720_24 100 (540,960,3)
dec_157_1280x720_24 100 (540,960,3)
dec_111_1280x720_24 100 (540,960,3)
dec_126_1280x720_24 100 (540,960,3)
dec_34_1280x720_24 100 (540,960,3)
dec_114_1280x720_24 100 (540,960,3)
dec_208_1280x720_24 100 (540,960,3)
dec_PeopleOnGrass_3840x2160_50fps_10bit_420 65 (540,960,3)
dec_Plaque_3840x2160_25fps_10bit_420 65 (540,960,3)
dec_ChefCooking5_3840x2160_25fps_10bit_420 65 (540,960,3)
dec_TUM_1080p_ski4_original 450 (540,960,3)
dec_189_1280x720_24 100 (540,960,3)
dec_106_1280x720_24 100 (540,960,3)
dec_172_1280x720_24 100 (540,960,3)
dec_15_1280x720_24 100 (540,960,3)
dec_220_1280x720_24 100 (540,960,3)
dec_14_1280x720_24 100 (540,960,3)
dec_193_1280x720_24 100 (540,960,3)
dec_180_1280x720_24 100 (540,960,3)
dec_Bamboo_3840x2160_25fps_10bit_420 65 (540,960,3)
dec_222_1280x720_24 100 (540,960,3)
dec_SVT_1080p50seg11_original 1002 (540,960,3)
dec_151_1280x720_24 100 (540,960,3)
dec_141_1280x720_24 100 (540,960,3)
dec_GirlThrowingLeaves_3840x2160_50fps_8bit_420 65 (540,960,3)
dec_52_1280x720_24 100 (540,960,3)
dec_76_1280x720_24 100 (540,960,3)
dec_86_1280x720_24 100 (540,960,3)
dec_3_1280x720_24 100 (540,960,3)
dec_216_1280x720_24 100 (540,960,3)
dec_GirlsOnGrass2_3840x2160_50fps_10bit_420 65 (540,960,3)
dec_TUM_1080p_okt2_original 360 (540,960,3)
dec_25_1280x720_24 100 (540,960,3)
dec_145_1280x720_24 100 (540,960,3)
dec_22_1280x720_24 100 (540,960,3)
dec_21_1280x720_24 100 (540,960,3)
dec_MountainsView2_3840x2160_25fps_10bit_420 65 (540,960,3)
dec_99_1280x720_24 100 (540,960,3)
dec_128_1280x720_24 100 (540,960,3)
dec_TUM_1080p_carving1_original 510 (540,960,3)
dec_160_1280x720_24 100 (540,960,3)
dec_Weave_3840x2160_25fps_10bit_420 65 (540,960,3)
dec_29_1280x720_24 100 (540,960,3)
dec_221_1280x720_24 100 (540,960,3)
dec_TUM_1080p_okt4_original 408 (540,960,3)
dec_142_1280x720_24 100 (540,960,3)
dec_219_1280x720_24 100 (540,960,3)
dec_SunsetMountainHuang1_3840x2160_25fps_10bit_420 65 (540,960,3)
dec_59_1280x720_24 100 (540,960,3)
dec_123_1280x720_24 100 (540,960,3)
dec_51_1280x720_24 100 (540,960,3)
dec_185_1280x720_24 100 (540,960,3)
dec_64_1280x720_24 100 (540,960,3)
dec_SVT_1080p50seg10_original 1002 (540,960,3)
dec_SVT_1080p50seg03_original 1002 (540,960,3)
dec_SVT_1080p50seg12_original 1002 (540,960,3)
dec_50_1280x720_24 100 (540,960,3)
dec_131_1280x720_24 100 (540,960,3)
dec_StampCarving1_3840x2160_25fps_10bit_420 65 (540,960,3)
dec_81_1280x720_24 100 (540,960,3)
dec_RoomTouristAttraction7_3840x2160_25fps_10bit_420 65 (540,960,3)
dec_SVT_1080p50seg16_original 1002 (540,960,3)
dec_212_1280x720_24 100 (540,960,3)
dec_146_1280x720_24 100 (540,960,3)
dec_MountainsAndStairs4_3840x2160_25fps_10bit_420 65 (540,960,3)
dec_SVT_1080p50seg14_original 1002 (540,960,3)
dec_177_1280x720_24 100 (540,960,3)
dec_TUM_1080p_carving3_original 450 (540,960,3)
dec_11_1280x720_24 100 (540,960,3)
dec_119_1280x720_24 100 (540,960,3)
dec_133_1280x720_24 100 (540,960,3)
dec_SVT_1080p50seg04_original 1002 (540,960,3)
dec_ChefCooking2_3840x2160_25fps_10bit_420 65 (540,960,3)
dec_225_1280x720_24 100 (540,960,3)
dec_147_1280x720_24 100 (540,960,3)
dec_MountainsAndStairs3_3840x2160_25fps_10bit_420 65 (540,960,3)
dec_48_1280x720_24 100 (540,960,3)
dec_BoyDressing2_3840x2160_50fps_10bit_420 65 (540,960,3)
dec_30_1280x720_24 100 (540,960,3)
dec_GirlWalkingOnStreet_3840x2160_50fps_8bit_420 65 (540,960,3)
